(kicad_pcb (version 20171130) (host pcbnew 5.1.4+dfsg1-1)

  (general
    (thickness 1.6)
    (drawings 318)
    (tracks 1798)
    (zones 0)
    (modules 245)
    (nets 152)
  )

  (page A4)
  (layers
    (0 F.Cu signal)
    (1 In1.Cu signal)
    (2 In2.Cu signal)
    (31 B.Cu signal)
    (32 B.Adhes user hide)
    (33 F.Adhes user hide)
    (34 B.Paste user hide)
    (35 F.Paste user hide)
    (36 B.SilkS user)
    (37 F.SilkS user hide)
    (38 B.Mask user)
    (39 F.Mask user hide)
    (40 Dwgs.User user)
    (41 Cmts.User user hide)
    (42 Eco1.User user hide)
    (43 Eco2.User user hide)
    (44 Edge.Cuts user)
    (45 Margin user)
    (46 B.CrtYd user)
    (47 F.CrtYd user)
    (48 B.Fab user hide)
    (49 F.Fab user hide)
  )

  (setup
    (last_trace_width 0.16)
    (user_trace_width 0.15)
    (user_trace_width 0.1524)
    (user_trace_width 0.2)
    (user_trace_width 0.254)
    (user_trace_width 0.3)
    (user_trace_width 0.4)
    (user_trace_width 0.508)
    (user_trace_width 0.6)
    (trace_clearance 0.16)
    (zone_clearance 0.158)
    (zone_45_only no)
    (trace_min 0.1504)
    (via_size 0.6)
    (via_drill 0.3)
    (via_min_size 0.508)
    (via_min_drill 0.254)
    (uvia_size 0.3)
    (uvia_drill 0.1)
    (uvias_allowed no)
    (uvia_min_size 0.2)
    (uvia_min_drill 0.1)
    (edge_width 0.05)
    (segment_width 0.2)
    (pcb_text_width 0.3)
    (pcb_text_size 1.5 1.5)
    (mod_edge_width 0.12)
    (mod_text_size 1 1)
    (mod_text_width 0.15)
    (pad_size 6.4 6.4)
    (pad_drill 3.2)
    (pad_to_mask_clearance 0.051)
    (solder_mask_min_width 0.25)
    (aux_axis_origin 156.456 180.632)
    (grid_origin 47.746 111.72)
    (visible_elements 7FFFFFFF)
    (pcbplotparams
      (layerselection 0x010fc_ffffffff)
      (usegerberextensions false)
      (usegerberattributes false)
      (usegerberadvancedattributes false)
      (creategerberjobfile false)
      (excludeedgelayer false)
      (linewidth 0.150000)
      (plotframeref false)
      (viasonmask false)
      (mode 1)
      (useauxorigin false)
      (hpglpennumber 1)
      (hpglpenspeed 20)
      (hpglpendiameter 15.000000)
      (psnegative false)
      (psa4output false)
      (plotreference true)
      (plotvalue true)
      (plotinvisibletext false)
      (padsonsilk false)
      (subtractmaskfromsilk false)
      (outputformat 1)
      (mirror false)
      (drillshape 0)
      (scaleselection 1)
      (outputdirectory "cam/"))
  )

  (net 0 "")
  (net 1 GND)
  (net 2 +12V)
  (net 3 -12V)
  (net 4 "Net-(D2-Pad1)")
  (net 5 "Net-(D1-Pad2)")
  (net 6 +3V3)
  (net 7 +5V)
  (net 8 /OUTA)
  (net 9 /CV_FILT)
  (net 10 /LEN_CV_T)
  (net 11 /LEN_KNOB_T)
  (net 12 /PARAM_0_T)
  (net 13 /PARAM_1_T)
  (net 14 /VOCT_T)
  (net 15 /VOCT_ATV_T)
  (net 16 /VOCT_FINE_T)
  (net 17 /OUTC)
  (net 18 "Net-(C24-Pad2)")
  (net 19 /LFO_T)
  (net 20 "Net-(C35-Pad2)")
  (net 21 "Net-(C35-Pad1)")
  (net 22 "Net-(C41-Pad1)")
  (net 23 "Net-(D4-Pad1)")
  (net 24 "Net-(D7-Pad1)")
  (net 25 "Net-(D10-Pad1)")
  (net 26 "Net-(D11-Pad1)")
  (net 27 /FREQ_LOCK_T)
  (net 28 "Net-(GLITCH1-PadTN)")
  (net 29 /GLITCH_EN_T)
  (net 30 "Net-(J1-Pad14)")
  (net 31 "Net-(J1-Pad12)")
  (net 32 /JTAG_TDI)
  (net 33 /JTAG_TDO)
  (net 34 /JTAG_TCK)
  (net 35 /JTAG_TMS)
  (net 36 "Net-(J2-Pad15)")
  (net 37 "Net-(J2-Pad13)")
  (net 38 "Net-(LED_L1-Pad2)")
  (net 39 "Net-(LED_R1-Pad2)")
  (net 40 /LEN_KNOB)
  (net 41 /LFO)
  (net 42 "Net-(OUT1-PadTN)")
  (net 43 "Net-(PARAM_0-PadTN)")
  (net 44 /PARAM_1)
  (net 45 "Net-(Q2-Pad3)")
  (net 46 /GLITCH_IN_T)
  (net 47 "Net-(Q3-Pad1)")
  (net 48 /EXT_CLK_EN_T)
  (net 49 "Net-(Q4-Pad1)")
  (net 50 "Net-(Q6-Pad1)")
  (net 51 /OUT1)
  (net 52 /OUT0)
  (net 53 /LEN_CV)
  (net 54 /PARAM_0)
  (net 55 "Net-(R21-Pad1)")
  (net 56 /OUTB)
  (net 57 /VOCT_CV)
  (net 58 /VOCT_ATV)
  (net 59 /VOCT_FINE)
  (net 60 /OUT)
  (net 61 "Net-(R43-Pad2)")
  (net 62 "Net-(R53-Pad1)")
  (net 63 /LFO_LED_T)
  (net 64 /LFSR1_IN)
  (net 65 /LFSR0_IN)
  (net 66 /CLK1_T)
  (net 67 /CLK0_T)
  (net 68 /CLK0)
  (net 69 /PARAM_0_CV_T)
  (net 70 /PARAM_0_CV)
  (net 71 /EXT_CLK)
  (net 72 /VOCT_CV_P)
  (net 73 /VOCT_ATV_P)
  (net 74 /EXT_CLK_P)
  (net 75 /OUT_P)
  (net 76 /LEN_CV_P)
  (net 77 /PARAM_0_P)
  (net 78 /GLITCH_IN_P)
  (net 79 /GLITCH_EN_P)
  (net 80 /LEN_KNOB_P)
  (net 81 /LFO_P)
  (net 82 /LFO_LED_P)
  (net 83 /CV_FILT_P)
  (net 84 /FREQ_LOCK_P)
  (net 85 /PARAM_1_P)
  (net 86 /PARAM_0_CV_P)
  (net 87 /VOCT_FINE_P)
  (net 88 "Net-(C33-Pad2)")
  (net 89 "Net-(C33-Pad1)")
  (net 90 "Net-(C34-Pad2)")
  (net 91 "Net-(C34-Pad1)")
  (net 92 /_LEN_CV)
  (net 93 "Net-(R70-Pad2)")
  (net 94 "Net-(R71-Pad2)")
  (net 95 /_PARAM_0_CV)
  (net 96 "Net-(R73-Pad2)")
  (net 97 "Net-(R78-Pad2)")
  (net 98 "Net-(R82-Pad1)")
  (net 99 /LEN_ATV_P)
  (net 100 /LEN_ATV)
  (net 101 /_CV_FILT)
  (net 102 "Net-(C10-Pad1)")
  (net 103 /EXT_CLK_SW_P)
  (net 104 /EXT_CLK_SW)
  (net 105 "Net-(U9-Pad1)")
  (net 106 "Net-(J2-Pad16)")
  (net 107 "Net-(J2-Pad14)")
  (net 108 /CLK1)
  (net 109 /VOCT_SEMI_A)
  (net 110 /VOCT_SEMI_B)
  (net 111 /POLY_A)
  (net 112 /POLY_B)
  (net 113 /VOCT_OCT_A)
  (net 114 /VOCT_OCT_B)
  (net 115 "Net-(LENGTH_CV1-PadTN)")
  (net 116 /WE)
  (net 117 /SDO)
  (net 118 /SDI)
  (net 119 /SCK)
  (net 120 /POLY_SW)
  (net 121 "Net-(U2-Pad44)")
  (net 122 "Net-(U2-Pad16)")
  (net 123 "Net-(U2-Pad14)")
  (net 124 "Net-(U2-Pad13)")
  (net 125 "Net-(U2-Pad12)")
  (net 126 "Net-(U2-Pad8)")
  (net 127 "Net-(U2-Pad7)")
  (net 128 "Net-(U2-Pad6)")
  (net 129 "Net-(U2-Pad5)")
  (net 130 /LED_1_T)
  (net 131 /LED_0_T)
  (net 132 /FB_OGAIN)
  (net 133 "Net-(C49-Pad1)")
  (net 134 /BYP_THRESH)
  (net 135 /CUTOFF)
  (net 136 /BYPASS)
  (net 137 /VOCT_OCT_B_P)
  (net 138 /VOCT_OCT_A_P)
  (net 139 /POLY_B_P)
  (net 140 /POLY_A_P)
  (net 141 /POLY_SW_P)
  (net 142 /LED_0_P)
  (net 143 /LED_1_P)
  (net 144 /VOCT_SEMI_A_P)
  (net 145 /VOCT_SEMI_B_P)
  (net 146 "Net-(LED_0-Pad2)")
  (net 147 /LED_2_T)
  (net 148 /LED_2_P)
  (net 149 "Net-(LED_0-Pad1)")
  (net 150 "Net-(LED_2-Pad1)")
  (net 151 "Net-(LED_6-Pad2)")

  (net_class Default "This is the default net class."
    (clearance 0.16)
    (trace_width 0.16)
    (via_dia 0.6)
    (via_drill 0.3)
    (uvia_dia 0.3)
    (uvia_drill 0.1)
    (add_net +12V)
    (add_net +3V3)
    (add_net +5V)
    (add_net -12V)
    (add_net /BYPASS)
    (add_net /BYP_THRESH)
    (add_net /CLK0)
    (add_net /CLK0_T)
    (add_net /CLK1)
    (add_net /CLK1_T)
    (add_net /CUTOFF)
    (add_net /CV_FILT)
    (add_net /CV_FILT_P)
    (add_net /EXT_CLK)
    (add_net /EXT_CLK_EN_T)
    (add_net /EXT_CLK_P)
    (add_net /EXT_CLK_SW)
    (add_net /EXT_CLK_SW_P)
    (add_net /FB_OGAIN)
    (add_net /FREQ_LOCK_P)
    (add_net /FREQ_LOCK_T)
    (add_net /GLITCH_EN_P)
    (add_net /GLITCH_EN_T)
    (add_net /GLITCH_IN_P)
    (add_net /GLITCH_IN_T)
    (add_net /JTAG_TCK)
    (add_net /JTAG_TDI)
    (add_net /JTAG_TDO)
    (add_net /JTAG_TMS)
    (add_net /LED_0_P)
    (add_net /LED_0_T)
    (add_net /LED_1_P)
    (add_net /LED_1_T)
    (add_net /LED_2_P)
    (add_net /LED_2_T)
    (add_net /LEN_ATV)
    (add_net /LEN_ATV_P)
    (add_net /LEN_CV)
    (add_net /LEN_CV_P)
    (add_net /LEN_CV_T)
    (add_net /LEN_KNOB)
    (add_net /LEN_KNOB_P)
    (add_net /LEN_KNOB_T)
    (add_net /LFO)
    (add_net /LFO_LED_P)
    (add_net /LFO_LED_T)
    (add_net /LFO_P)
    (add_net /LFO_T)
    (add_net /LFSR0_IN)
    (add_net /LFSR1_IN)
    (add_net /OUT)
    (add_net /OUT0)
    (add_net /OUT1)
    (add_net /OUTA)
    (add_net /OUTB)
    (add_net /OUTC)
    (add_net /OUT_P)
    (add_net /PARAM_0)
    (add_net /PARAM_0_CV)
    (add_net /PARAM_0_CV_P)
    (add_net /PARAM_0_CV_T)
    (add_net /PARAM_0_P)
    (add_net /PARAM_0_T)
    (add_net /PARAM_1)
    (add_net /PARAM_1_P)
    (add_net /PARAM_1_T)
    (add_net /POLY_A)
    (add_net /POLY_A_P)
    (add_net /POLY_B)
    (add_net /POLY_B_P)
    (add_net /POLY_SW)
    (add_net /POLY_SW_P)
    (add_net /SCK)
    (add_net /SDI)
    (add_net /SDO)
    (add_net /VOCT_ATV)
    (add_net /VOCT_ATV_P)
    (add_net /VOCT_ATV_T)
    (add_net /VOCT_CV)
    (add_net /VOCT_CV_P)
    (add_net /VOCT_FINE)
    (add_net /VOCT_FINE_P)
    (add_net /VOCT_FINE_T)
    (add_net /VOCT_OCT_A)
    (add_net /VOCT_OCT_A_P)
    (add_net /VOCT_OCT_B)
    (add_net /VOCT_OCT_B_P)
    (add_net /VOCT_SEMI_A)
    (add_net /VOCT_SEMI_A_P)
    (add_net /VOCT_SEMI_B)
    (add_net /VOCT_SEMI_B_P)
    (add_net /VOCT_T)
    (add_net /WE)
    (add_net /_CV_FILT)
    (add_net /_LEN_CV)
    (add_net /_PARAM_0_CV)
    (add_net GND)
    (add_net "Net-(C10-Pad1)")
    (add_net "Net-(C24-Pad2)")
    (add_net "Net-(C33-Pad1)")
    (add_net "Net-(C33-Pad2)")
    (add_net "Net-(C34-Pad1)")
    (add_net "Net-(C34-Pad2)")
    (add_net "Net-(C35-Pad1)")
    (add_net "Net-(C35-Pad2)")
    (add_net "Net-(C41-Pad1)")
    (add_net "Net-(C49-Pad1)")
    (add_net "Net-(D1-Pad2)")
    (add_net "Net-(D10-Pad1)")
    (add_net "Net-(D11-Pad1)")
    (add_net "Net-(D2-Pad1)")
    (add_net "Net-(D4-Pad1)")
    (add_net "Net-(D7-Pad1)")
    (add_net "Net-(GLITCH1-PadTN)")
    (add_net "Net-(J1-Pad12)")
    (add_net "Net-(J1-Pad14)")
    (add_net "Net-(J2-Pad13)")
    (add_net "Net-(J2-Pad14)")
    (add_net "Net-(J2-Pad15)")
    (add_net "Net-(J2-Pad16)")
    (add_net "Net-(LED_0-Pad1)")
    (add_net "Net-(LED_0-Pad2)")
    (add_net "Net-(LED_2-Pad1)")
    (add_net "Net-(LED_6-Pad2)")
    (add_net "Net-(LED_L1-Pad2)")
    (add_net "Net-(LED_R1-Pad2)")
    (add_net "Net-(LENGTH_CV1-PadTN)")
    (add_net "Net-(OUT1-PadTN)")
    (add_net "Net-(PARAM_0-PadTN)")
    (add_net "Net-(Q2-Pad3)")
    (add_net "Net-(Q3-Pad1)")
    (add_net "Net-(Q4-Pad1)")
    (add_net "Net-(Q6-Pad1)")
    (add_net "Net-(R21-Pad1)")
    (add_net "Net-(R43-Pad2)")
    (add_net "Net-(R53-Pad1)")
    (add_net "Net-(R70-Pad2)")
    (add_net "Net-(R71-Pad2)")
    (add_net "Net-(R73-Pad2)")
    (add_net "Net-(R78-Pad2)")
    (add_net "Net-(R82-Pad1)")
    (add_net "Net-(U2-Pad12)")
    (add_net "Net-(U2-Pad13)")
    (add_net "Net-(U2-Pad14)")
    (add_net "Net-(U2-Pad16)")
    (add_net "Net-(U2-Pad44)")
    (add_net "Net-(U2-Pad5)")
    (add_net "Net-(U2-Pad6)")
    (add_net "Net-(U2-Pad7)")
    (add_net "Net-(U2-Pad8)")
    (add_net "Net-(U9-Pad1)")
  )

  (module Resistor_SMD:R_0603_1608Metric (layer B.Cu) (tedit 5B301BBD) (tstamp 5EA290EF)
    (at 45.946 112.745 270)
    (descr "Resistor SMD 0603 (1608 Metric), square (rectangular) end terminal, IPC_7351 nominal, (Body size source: http://www.tortai-tech.com/upload/download/2011102023233369053.pdf), generated with kicad-footprint-generator")
    (tags resistor)
    (path /6032E556/6198F3A7)
    (attr smd)
    (fp_text reference R12 (at 0 1.43 90) (layer B.SilkS)
      (effects (font (size 1 1) (thickness 0.15)) (justify mirror))
    )
    (fp_text value 100 (at 0 -1.43 90) (layer B.Fab)
      (effects (font (size 1 1) (thickness 0.15)) (justify mirror))
    )
    (fp_text user %R (at 0 0 90) (layer B.Fab)
      (effects (font (size 0.4 0.4) (thickness 0.06)) (justify mirror))
    )
    (fp_line (start 1.48 -0.73) (end -1.48 -0.73) (layer B.CrtYd) (width 0.05))
    (fp_line (start 1.48 0.73) (end 1.48 -0.73) (layer B.CrtYd) (width 0.05))
    (fp_line (start -1.48 0.73) (end 1.48 0.73) (layer B.CrtYd) (width 0.05))
    (fp_line (start -1.48 -0.73) (end -1.48 0.73) (layer B.CrtYd) (width 0.05))
    (fp_line (start -0.162779 -0.51) (end 0.162779 -0.51) (layer B.SilkS) (width 0.12))
    (fp_line (start -0.162779 0.51) (end 0.162779 0.51) (layer B.SilkS) (width 0.12))
    (fp_line (start 0.8 -0.4) (end -0.8 -0.4) (layer B.Fab) (width 0.1))
    (fp_line (start 0.8 0.4) (end 0.8 -0.4) (layer B.Fab) (width 0.1))
    (fp_line (start -0.8 0.4) (end 0.8 0.4) (layer B.Fab) (width 0.1))
    (fp_line (start -0.8 -0.4) (end -0.8 0.4) (layer B.Fab) (width 0.1))
    (pad 2 smd roundrect (at 0.7875 0 270) (size 0.875 0.95) (layers B.Cu B.Paste B.Mask) (roundrect_rratio 0.25)
      (net 6 +3V3))
    (pad 1 smd roundrect (at -0.7875 0 270) (size 0.875 0.95) (layers B.Cu B.Paste B.Mask) (roundrect_rratio 0.25)
      (net 151 "Net-(LED_6-Pad2)"))
    (model ${KISYS3DMOD}/Resistor_SMD.3dshapes/R_0603_1608Metric.wrl
      (at (xyz 0 0 0))
      (scale (xyz 1 1 1))
      (rotate (xyz 0 0 0))
    )
  )

  (module digikey-footprints:LED_0603 (layer F.Cu) (tedit 5D2891C2) (tstamp 5EA27BDF)
    (at 45.946 109.22 270)
    (path /6032E556/6198F399)
    (attr smd)
    (fp_text reference LED_6 (at 0 -1.61 90) (layer F.SilkS)
      (effects (font (size 1 1) (thickness 0.15)))
    )
    (fp_text value 150060AS75000 (at 0 1.77 90) (layer F.Fab)
      (effects (font (size 1 1) (thickness 0.15)))
    )
    (fp_line (start 0.85 0.4) (end 0.85 -0.4) (layer F.Fab) (width 0.12))
    (fp_line (start -0.85 0.4) (end -0.85 -0.4) (layer F.Fab) (width 0.12))
    (fp_line (start -0.85 -0.4) (end 0.85 -0.4) (layer F.Fab) (width 0.12))
    (fp_line (start -0.85 0.4) (end 0.85 0.4) (layer F.Fab) (width 0.12))
    (fp_line (start -1.4 0.71) (end -1.4 -0.71) (layer F.CrtYd) (width 0.05))
    (fp_line (start 1.4 0.71) (end 1.4 -0.71) (layer F.CrtYd) (width 0.05))
    (fp_line (start -1.4 -0.71) (end 1.4 -0.71) (layer F.CrtYd) (width 0.05))
    (fp_line (start -1.4 0.71) (end 1.4 0.71) (layer F.CrtYd) (width 0.05))
    (fp_line (start -1.3 0.5) (end 0.4 0.5) (layer F.SilkS) (width 0.12))
    (fp_line (start -1.3 -0.3) (end -1.3 0.5) (layer F.SilkS) (width 0.12))
    (fp_line (start -1.3 -0.5) (end -1.3 -0.3) (layer F.SilkS) (width 0.12))
    (fp_line (start -1.2 -0.5) (end -1.3 -0.5) (layer F.SilkS) (width 0.12))
    (fp_line (start -1.1 -0.5) (end -1.2 -0.5) (layer F.SilkS) (width 0.12))
    (fp_line (start -1.1 -0.5) (end 0.4 -0.5) (layer F.SilkS) (width 0.12))
    (fp_line (start 0.1 0.2) (end 0.1 0) (layer F.Fab) (width 0.12))
    (fp_line (start -0.2 0) (end 0.1 0.2) (layer F.Fab) (width 0.12))
    (fp_line (start 0.1 -0.2) (end -0.2 0) (layer F.Fab) (width 0.12))
    (fp_line (start 0.1 0) (end 0.1 -0.2) (layer F.Fab) (width 0.12))
    (fp_line (start 0.5 0) (end 0.1 0) (layer F.Fab) (width 0.12))
    (fp_line (start -0.3 -0.2) (end -0.3 0.1) (layer F.Fab) (width 0.12))
    (fp_line (start -0.3 0.2) (end -0.3 0.1) (layer F.Fab) (width 0.12))
    (pad 2 smd rect (at 0.75 0 270) (size 0.8 0.8) (layers F.Cu F.Paste F.Mask)
      (net 151 "Net-(LED_6-Pad2)"))
    (pad 1 smd rect (at -0.75 0 270) (size 0.8 0.8) (layers F.Cu F.Paste F.Mask)
      (net 1 GND))
  )

  (module MountingHole:MountingHole_3mm (layer F.Cu) (tedit 56D1B4CB) (tstamp 5EC65C32)
    (at 39.246 109.22)
    (descr "Mounting Hole 3mm, no annular")
    (tags "mounting hole 3mm no annular")
    (attr virtual)
    (fp_text reference REF** (at 0 -4) (layer F.SilkS)
      (effects (font (size 1 1) (thickness 0.15)))
    )
    (fp_text value MountingHole_3mm (at 0 4) (layer F.Fab)
      (effects (font (size 1 1) (thickness 0.15)))
    )
    (fp_circle (center 0 0) (end 3.25 0) (layer F.CrtYd) (width 0.05))
    (fp_circle (center 0 0) (end 3 0) (layer Cmts.User) (width 0.15))
    (fp_text user %R (at 0.3 0) (layer F.Fab)
      (effects (font (size 1 1) (thickness 0.15)))
    )
    (pad 1 np_thru_hole circle (at 0 0) (size 3 3) (drill 3) (layers *.Cu *.Mask))
  )

  (module MountingHole:MountingHole_3mm (layer F.Cu) (tedit 56D1B4CB) (tstamp 5EC65C32)
    (at 39.25 122.842)
    (descr "Mounting Hole 3mm, no annular")
    (tags "mounting hole 3mm no annular")
    (attr virtual)
    (fp_text reference REF** (at 0 -4) (layer F.SilkS)
      (effects (font (size 1 1) (thickness 0.15)))
    )
    (fp_text value MountingHole_3mm (at 0 4) (layer F.Fab)
      (effects (font (size 1 1) (thickness 0.15)))
    )
    (fp_circle (center 0 0) (end 3.25 0) (layer F.CrtYd) (width 0.05))
    (fp_circle (center 0 0) (end 3 0) (layer Cmts.User) (width 0.15))
    (fp_text user %R (at 0.3 0) (layer F.Fab)
      (effects (font (size 1 1) (thickness 0.15)))
    )
    (pad 1 np_thru_hole circle (at 0 0) (size 3 3) (drill 3) (layers *.Cu *.Mask))
  )

  (module MountingHole:MountingHole_3mm (layer F.Cu) (tedit 56D1B4CB) (tstamp 5EC65C32)
    (at 21.5265 122.842)
    (descr "Mounting Hole 3mm, no annular")
    (tags "mounting hole 3mm no annular")
    (attr virtual)
    (fp_text reference REF** (at 0 -4) (layer F.SilkS)
      (effects (font (size 1 1) (thickness 0.15)))
    )
    (fp_text value MountingHole_3mm (at 0 4) (layer F.Fab)
      (effects (font (size 1 1) (thickness 0.15)))
    )
    (fp_circle (center 0 0) (end 3.25 0) (layer F.CrtYd) (width 0.05))
    (fp_circle (center 0 0) (end 3 0) (layer Cmts.User) (width 0.15))
    (fp_text user %R (at 0.3 0) (layer F.Fab)
      (effects (font (size 1 1) (thickness 0.15)))
    )
    (pad 1 np_thru_hole circle (at 0 0) (size 3 3) (drill 3) (layers *.Cu *.Mask))
  )

  (module MountingHole:MountingHole_3mm (layer F.Cu) (tedit 56D1B4CB) (tstamp 5EC65C32)
    (at 24.514 109.22)
    (descr "Mounting Hole 3mm, no annular")
    (tags "mounting hole 3mm no annular")
    (attr virtual)
    (fp_text reference REF** (at 0 -4) (layer F.SilkS)
      (effects (font (size 1 1) (thickness 0.15)))
    )
    (fp_text value MountingHole_3mm (at 0 4) (layer F.Fab)
      (effects (font (size 1 1) (thickness 0.15)))
    )
    (fp_circle (center 0 0) (end 3.25 0) (layer F.CrtYd) (width 0.05))
    (fp_circle (center 0 0) (end 3 0) (layer Cmts.User) (width 0.15))
    (fp_text user %R (at 0.3 0) (layer F.Fab)
      (effects (font (size 1 1) (thickness 0.15)))
    )
    (pad 1 np_thru_hole circle (at 0 0) (size 3 3) (drill 3) (layers *.Cu *.Mask))
  )

  (module MountingHole:MountingHole_3mm (layer F.Cu) (tedit 56D1B4CB) (tstamp 5EC65C32)
    (at 21.5265 95.598)
    (descr "Mounting Hole 3mm, no annular")
    (tags "mounting hole 3mm no annular")
    (attr virtual)
    (fp_text reference REF** (at 0 -4) (layer F.SilkS)
      (effects (font (size 1 1) (thickness 0.15)))
    )
    (fp_text value MountingHole_3mm (at 0 4) (layer F.Fab)
      (effects (font (size 1 1) (thickness 0.15)))
    )
    (fp_circle (center 0 0) (end 3.25 0) (layer F.CrtYd) (width 0.05))
    (fp_circle (center 0 0) (end 3 0) (layer Cmts.User) (width 0.15))
    (fp_text user %R (at 0.3 0) (layer F.Fab)
      (effects (font (size 1 1) (thickness 0.15)))
    )
    (pad 1 np_thru_hole circle (at 0 0) (size 3 3) (drill 3) (layers *.Cu *.Mask))
  )

  (module MountingHole:MountingHole_3mm (layer F.Cu) (tedit 56D1B4CB) (tstamp 5EC65B23)
    (at 39.2535 95.598)
    (descr "Mounting Hole 3mm, no annular")
    (tags "mounting hole 3mm no annular")
    (attr virtual)
    (fp_text reference REF** (at 0 -4) (layer F.SilkS)
      (effects (font (size 1 1) (thickness 0.15)))
    )
    (fp_text value MountingHole_3mm (at 0 4) (layer F.Fab)
      (effects (font (size 1 1) (thickness 0.15)))
    )
    (fp_text user %R (at 0.3 0) (layer F.Fab)
      (effects (font (size 1 1) (thickness 0.15)))
    )
    (fp_circle (center 0 0) (end 3 0) (layer Cmts.User) (width 0.15))
    (fp_circle (center 0 0) (end 3.25 0) (layer F.CrtYd) (width 0.05))
    (pad 1 np_thru_hole circle (at 0 0) (size 3 3) (drill 3) (layers *.Cu *.Mask))
  )

  (module ttt_lib:Fixed_Potentiometer_Bourns_PTV09A-1_Single_Vertical (layer F.Cu) (tedit 5E8E1882) (tstamp 5EB81F46)
    (at 47.746 111.72)
    (descr "Potentiometer, vertical, Bourns PTV09A-1 Single, http://www.bourns.com/docs/Product-Datasheets/ptv09.pdf")
    (tags "Potentiometer vertical Bourns PTV09A-1 Single")
    (path /6032E556/6037474E)
    (fp_text reference PARAM_0_ATV1 (at 3.308 -2.627 90) (layer F.SilkS)
      (effects (font (size 1 1) (thickness 0.15)))
    )
    (fp_text value 100k (at 6.05 5.15) (layer F.Fab)
      (effects (font (size 1 1) (thickness 0.15)))
    )
    (fp_circle (center 7.5 -2.5) (end 10.5 -2.5) (layer F.Fab) (width 0.1))
    (fp_line (start 1 -7.35) (end 1 2.35) (layer F.Fab) (width 0.1))
    (fp_line (start 1 2.35) (end 13 2.35) (layer F.Fab) (width 0.1))
    (fp_line (start 13 2.35) (end 13 -7.35) (layer F.Fab) (width 0.1))
    (fp_line (start 13 -7.35) (end 1 -7.35) (layer F.Fab) (width 0.1))
    (fp_line (start 0.88 -7.47) (end 4.745 -7.47) (layer F.SilkS) (width 0.12))
    (fp_line (start 9.255 -7.47) (end 13.12 -7.47) (layer F.SilkS) (width 0.12))
    (fp_line (start 0.88 2.47) (end 4.745 2.47) (layer F.SilkS) (width 0.12))
    (fp_line (start 9.255 2.47) (end 13.12 2.47) (layer F.SilkS) (width 0.12))
    (fp_line (start 0.88 -7.47) (end 0.88 -5.871) (layer F.SilkS) (width 0.12))
    (fp_line (start 0.88 -4.129) (end 0.88 -3.37) (layer F.SilkS) (width 0.12))
    (fp_line (start 0.88 -1.629) (end 0.88 -0.87) (layer F.SilkS) (width 0.12))
    (fp_line (start 0.88 0.87) (end 0.88 2.47) (layer F.SilkS) (width 0.12))
    (fp_line (start 13.12 -7.47) (end 13.12 2.47) (layer F.SilkS) (width 0.12))
    (fp_line (start -1.15 -9.15) (end -1.15 4.15) (layer F.CrtYd) (width 0.05))
    (fp_line (start -1.15 4.15) (end 13.25 4.15) (layer F.CrtYd) (width 0.05))
    (fp_line (start 13.25 4.15) (end 13.25 -9.15) (layer F.CrtYd) (width 0.05))
    (fp_line (start 13.25 -9.15) (end -1.15 -9.15) (layer F.CrtYd) (width 0.05))
    (fp_text user %R (at 2 -2.5 90) (layer F.Fab)
      (effects (font (size 1 1) (thickness 0.15)))
    )
    (pad 3 thru_hole circle (at 0 -5) (size 1.8 1.8) (drill 1) (layers *.Cu *.Mask)
      (net 1 GND))
    (pad 2 thru_hole circle (at 0 -2.5) (size 1.8 1.8) (drill 1) (layers *.Cu *.Mask)
      (net 77 /PARAM_0_P))
    (pad 1 thru_hole circle (at 0 0) (size 1.8 1.8) (drill 1) (layers *.Cu *.Mask)
      (net 6 +3V3))
    (pad "" thru_hole circle (at 7 -6.9) (size 3 3) (drill 2) (layers *.Cu *.Mask))
    (pad "" thru_hole circle (at 7 1.9) (size 3 3) (drill 2) (layers *.Cu *.Mask))
    (pad "" smd circle (at 7 -6.9) (size 4 4) (layers B.Cu B.Paste B.Mask))
    (pad "" smd circle (at 7 1.9) (size 4 4) (layers B.Cu B.Paste B.Mask))
    (model ${KISYS3DMOD}/Potentiometer_THT.3dshapes/Potentiometer_Bourns_PTV09A-1_Single_Vertical.wrl
      (at (xyz 0 0 0))
      (scale (xyz 1 1 1))
      (rotate (xyz 0 0 0))
    )
  )

  (module Capacitor_SMD:C_0603_1608Metric (layer F.Cu) (tedit 5B301BBE) (tstamp 5EE4AB38)
    (at 97.3455 108.65)
    (descr "Capacitor SMD 0603 (1608 Metric), square (rectangular) end terminal, IPC_7351 nominal, (Body size source: http://www.tortai-tech.com/upload/download/2011102023233369053.pdf), generated with kicad-footprint-generator")
    (tags capacitor)
    (path /6032E556/60A83589)
    (attr smd)
    (fp_text reference C63 (at 0 -1.43 180) (layer F.SilkS)
      (effects (font (size 1 1) (thickness 0.15)))
    )
    (fp_text value 100n (at 0 1.43 180) (layer F.Fab)
      (effects (font (size 1 1) (thickness 0.15)))
    )
    (fp_line (start -0.8 0.4) (end -0.8 -0.4) (layer F.Fab) (width 0.1))
    (fp_line (start -0.8 -0.4) (end 0.8 -0.4) (layer F.Fab) (width 0.1))
    (fp_line (start 0.8 -0.4) (end 0.8 0.4) (layer F.Fab) (width 0.1))
    (fp_line (start 0.8 0.4) (end -0.8 0.4) (layer F.Fab) (width 0.1))
    (fp_line (start -0.162779 -0.51) (end 0.162779 -0.51) (layer F.SilkS) (width 0.12))
    (fp_line (start -0.162779 0.51) (end 0.162779 0.51) (layer F.SilkS) (width 0.12))
    (fp_line (start -1.48 0.73) (end -1.48 -0.73) (layer F.CrtYd) (width 0.05))
    (fp_line (start -1.48 -0.73) (end 1.48 -0.73) (layer F.CrtYd) (width 0.05))
    (fp_line (start 1.48 -0.73) (end 1.48 0.73) (layer F.CrtYd) (width 0.05))
    (fp_line (start 1.48 0.73) (end -1.48 0.73) (layer F.CrtYd) (width 0.05))
    (fp_text user %R (at 0 0 180) (layer F.Fab)
      (effects (font (size 0.4 0.4) (thickness 0.06)))
    )
    (pad 1 smd roundrect (at -0.7875 0) (size 0.875 0.95) (layers F.Cu F.Paste F.Mask) (roundrect_rratio 0.25)
      (net 141 /POLY_SW_P))
    (pad 2 smd roundrect (at 0.7875 0) (size 0.875 0.95) (layers F.Cu F.Paste F.Mask) (roundrect_rratio 0.25)
      (net 1 GND))
    (model ${KISYS3DMOD}/Capacitor_SMD.3dshapes/C_0603_1608Metric.wrl
      (at (xyz 0 0 0))
      (scale (xyz 1 1 1))
      (rotate (xyz 0 0 0))
    )
  )

  (module Capacitor_SMD:C_0603_1608Metric (layer B.Cu) (tedit 5B301BBE) (tstamp 5EDE894C)
    (at 117.3335 100.0115 180)
    (descr "Capacitor SMD 0603 (1608 Metric), square (rectangular) end terminal, IPC_7351 nominal, (Body size source: http://www.tortai-tech.com/upload/download/2011102023233369053.pdf), generated with kicad-footprint-generator")
    (tags capacitor)
    (path /6032E556/60DCEB60)
    (attr smd)
    (fp_text reference C48 (at 0 1.43) (layer B.SilkS)
      (effects (font (size 1 1) (thickness 0.15)) (justify mirror))
    )
    (fp_text value 100n (at 0 -1.43) (layer B.Fab)
      (effects (font (size 1 1) (thickness 0.15)) (justify mirror))
    )
    (fp_text user %R (at 0 0) (layer B.Fab)
      (effects (font (size 0.4 0.4) (thickness 0.06)) (justify mirror))
    )
    (fp_line (start 1.48 -0.73) (end -1.48 -0.73) (layer B.CrtYd) (width 0.05))
    (fp_line (start 1.48 0.73) (end 1.48 -0.73) (layer B.CrtYd) (width 0.05))
    (fp_line (start -1.48 0.73) (end 1.48 0.73) (layer B.CrtYd) (width 0.05))
    (fp_line (start -1.48 -0.73) (end -1.48 0.73) (layer B.CrtYd) (width 0.05))
    (fp_line (start -0.162779 -0.51) (end 0.162779 -0.51) (layer B.SilkS) (width 0.12))
    (fp_line (start -0.162779 0.51) (end 0.162779 0.51) (layer B.SilkS) (width 0.12))
    (fp_line (start 0.8 -0.4) (end -0.8 -0.4) (layer B.Fab) (width 0.1))
    (fp_line (start 0.8 0.4) (end 0.8 -0.4) (layer B.Fab) (width 0.1))
    (fp_line (start -0.8 0.4) (end 0.8 0.4) (layer B.Fab) (width 0.1))
    (fp_line (start -0.8 -0.4) (end -0.8 0.4) (layer B.Fab) (width 0.1))
    (pad 2 smd roundrect (at 0.7875 0 180) (size 0.875 0.95) (layers B.Cu B.Paste B.Mask) (roundrect_rratio 0.25)
      (net 1 GND))
    (pad 1 smd roundrect (at -0.7875 0 180) (size 0.875 0.95) (layers B.Cu B.Paste B.Mask) (roundrect_rratio 0.25)
      (net 84 /FREQ_LOCK_P))
    (model ${KISYS3DMOD}/Capacitor_SMD.3dshapes/C_0603_1608Metric.wrl
      (at (xyz 0 0 0))
      (scale (xyz 1 1 1))
      (rotate (xyz 0 0 0))
    )
  )

  (module Capacitor_SMD:C_0603_1608Metric (layer B.Cu) (tedit 5B301BBE) (tstamp 5E98A081)
    (at 117.9217 118.531 180)
    (descr "Capacitor SMD 0603 (1608 Metric), square (rectangular) end terminal, IPC_7351 nominal, (Body size source: http://www.tortai-tech.com/upload/download/2011102023233369053.pdf), generated with kicad-footprint-generator")
    (tags capacitor)
    (path /6032E556/60CD1884)
    (attr smd)
    (fp_text reference C47 (at 0 1.43) (layer B.SilkS)
      (effects (font (size 1 1) (thickness 0.15)) (justify mirror))
    )
    (fp_text value 100n (at 0 -1.43) (layer B.Fab)
      (effects (font (size 1 1) (thickness 0.15)) (justify mirror))
    )
    (fp_text user %R (at 0 0) (layer B.Fab)
      (effects (font (size 0.4 0.4) (thickness 0.06)) (justify mirror))
    )
    (fp_line (start 1.48 -0.73) (end -1.48 -0.73) (layer B.CrtYd) (width 0.05))
    (fp_line (start 1.48 0.73) (end 1.48 -0.73) (layer B.CrtYd) (width 0.05))
    (fp_line (start -1.48 0.73) (end 1.48 0.73) (layer B.CrtYd) (width 0.05))
    (fp_line (start -1.48 -0.73) (end -1.48 0.73) (layer B.CrtYd) (width 0.05))
    (fp_line (start -0.162779 -0.51) (end 0.162779 -0.51) (layer B.SilkS) (width 0.12))
    (fp_line (start -0.162779 0.51) (end 0.162779 0.51) (layer B.SilkS) (width 0.12))
    (fp_line (start 0.8 -0.4) (end -0.8 -0.4) (layer B.Fab) (width 0.1))
    (fp_line (start 0.8 0.4) (end 0.8 -0.4) (layer B.Fab) (width 0.1))
    (fp_line (start -0.8 0.4) (end 0.8 0.4) (layer B.Fab) (width 0.1))
    (fp_line (start -0.8 -0.4) (end -0.8 0.4) (layer B.Fab) (width 0.1))
    (pad 2 smd roundrect (at 0.7875 0 180) (size 0.875 0.95) (layers B.Cu B.Paste B.Mask) (roundrect_rratio 0.25)
      (net 1 GND))
    (pad 1 smd roundrect (at -0.7875 0 180) (size 0.875 0.95) (layers B.Cu B.Paste B.Mask) (roundrect_rratio 0.25)
      (net 79 /GLITCH_EN_P))
    (model ${KISYS3DMOD}/Capacitor_SMD.3dshapes/C_0603_1608Metric.wrl
      (at (xyz 0 0 0))
      (scale (xyz 1 1 1))
      (rotate (xyz 0 0 0))
    )
  )

  (module Capacitor_SMD:C_0603_1608Metric (layer B.Cu) (tedit 5B301BBE) (tstamp 5E98A070)
    (at 81.7455 96.85 90)
    (descr "Capacitor SMD 0603 (1608 Metric), square (rectangular) end terminal, IPC_7351 nominal, (Body size source: http://www.tortai-tech.com/upload/download/2011102023233369053.pdf), generated with kicad-footprint-generator")
    (tags capacitor)
    (path /6032E556/60B62BFC)
    (attr smd)
    (fp_text reference C46 (at 3 0 90) (layer B.SilkS)
      (effects (font (size 1 1) (thickness 0.15)) (justify mirror))
    )
    (fp_text value 100n (at 0 -1.43 90) (layer B.Fab)
      (effects (font (size 1 1) (thickness 0.15)) (justify mirror))
    )
    (fp_text user %R (at 0 0 90) (layer B.Fab)
      (effects (font (size 0.4 0.4) (thickness 0.06)) (justify mirror))
    )
    (fp_line (start 1.48 -0.73) (end -1.48 -0.73) (layer B.CrtYd) (width 0.05))
    (fp_line (start 1.48 0.73) (end 1.48 -0.73) (layer B.CrtYd) (width 0.05))
    (fp_line (start -1.48 0.73) (end 1.48 0.73) (layer B.CrtYd) (width 0.05))
    (fp_line (start -1.48 -0.73) (end -1.48 0.73) (layer B.CrtYd) (width 0.05))
    (fp_line (start -0.162779 -0.51) (end 0.162779 -0.51) (layer B.SilkS) (width 0.12))
    (fp_line (start -0.162779 0.51) (end 0.162779 0.51) (layer B.SilkS) (width 0.12))
    (fp_line (start 0.8 -0.4) (end -0.8 -0.4) (layer B.Fab) (width 0.1))
    (fp_line (start 0.8 0.4) (end 0.8 -0.4) (layer B.Fab) (width 0.1))
    (fp_line (start -0.8 0.4) (end 0.8 0.4) (layer B.Fab) (width 0.1))
    (fp_line (start -0.8 -0.4) (end -0.8 0.4) (layer B.Fab) (width 0.1))
    (pad 2 smd roundrect (at 0.7875 0 90) (size 0.875 0.95) (layers B.Cu B.Paste B.Mask) (roundrect_rratio 0.25)
      (net 1 GND))
    (pad 1 smd roundrect (at -0.7875 0 90) (size 0.875 0.95) (layers B.Cu B.Paste B.Mask) (roundrect_rratio 0.25)
      (net 145 /VOCT_SEMI_B_P))
    (model ${KISYS3DMOD}/Capacitor_SMD.3dshapes/C_0603_1608Metric.wrl
      (at (xyz 0 0 0))
      (scale (xyz 1 1 1))
      (rotate (xyz 0 0 0))
    )
  )

  (module Capacitor_SMD:C_0603_1608Metric (layer B.Cu) (tedit 5B301BBE) (tstamp 5EE3DC38)
    (at 81.7455 93.65 270)
    (descr "Capacitor SMD 0603 (1608 Metric), square (rectangular) end terminal, IPC_7351 nominal, (Body size source: http://www.tortai-tech.com/upload/download/2011102023233369053.pdf), generated with kicad-footprint-generator")
    (tags capacitor)
    (path /6032E556/60B4D0E9)
    (attr smd)
    (fp_text reference C45 (at 3 0 90) (layer B.SilkS)
      (effects (font (size 1 1) (thickness 0.15)) (justify mirror))
    )
    (fp_text value 100n (at 0 -1.43 90) (layer B.Fab)
      (effects (font (size 1 1) (thickness 0.15)) (justify mirror))
    )
    (fp_text user %R (at 0 0 90) (layer B.Fab)
      (effects (font (size 0.4 0.4) (thickness 0.06)) (justify mirror))
    )
    (fp_line (start 1.48 -0.73) (end -1.48 -0.73) (layer B.CrtYd) (width 0.05))
    (fp_line (start 1.48 0.73) (end 1.48 -0.73) (layer B.CrtYd) (width 0.05))
    (fp_line (start -1.48 0.73) (end 1.48 0.73) (layer B.CrtYd) (width 0.05))
    (fp_line (start -1.48 -0.73) (end -1.48 0.73) (layer B.CrtYd) (width 0.05))
    (fp_line (start -0.162779 -0.51) (end 0.162779 -0.51) (layer B.SilkS) (width 0.12))
    (fp_line (start -0.162779 0.51) (end 0.162779 0.51) (layer B.SilkS) (width 0.12))
    (fp_line (start 0.8 -0.4) (end -0.8 -0.4) (layer B.Fab) (width 0.1))
    (fp_line (start 0.8 0.4) (end 0.8 -0.4) (layer B.Fab) (width 0.1))
    (fp_line (start -0.8 0.4) (end 0.8 0.4) (layer B.Fab) (width 0.1))
    (fp_line (start -0.8 -0.4) (end -0.8 0.4) (layer B.Fab) (width 0.1))
    (pad 2 smd roundrect (at 0.7875 0 270) (size 0.875 0.95) (layers B.Cu B.Paste B.Mask) (roundrect_rratio 0.25)
      (net 1 GND))
    (pad 1 smd roundrect (at -0.7875 0 270) (size 0.875 0.95) (layers B.Cu B.Paste B.Mask) (roundrect_rratio 0.25)
      (net 144 /VOCT_SEMI_A_P))
    (model ${KISYS3DMOD}/Capacitor_SMD.3dshapes/C_0603_1608Metric.wrl
      (at (xyz 0 0 0))
      (scale (xyz 1 1 1))
      (rotate (xyz 0 0 0))
    )
  )

  (module Capacitor_SMD:C_0603_1608Metric (layer B.Cu) (tedit 5B301BBE) (tstamp 5ED78EFF)
    (at 82.4955 109.97)
    (descr "Capacitor SMD 0603 (1608 Metric), square (rectangular) end terminal, IPC_7351 nominal, (Body size source: http://www.tortai-tech.com/upload/download/2011102023233369053.pdf), generated with kicad-footprint-generator")
    (tags capacitor)
    (path /6032E556/60AE533A)
    (attr smd)
    (fp_text reference C40 (at 3.0375 -0.03) (layer B.SilkS)
      (effects (font (size 1 1) (thickness 0.15)) (justify mirror))
    )
    (fp_text value 100n (at 0 -1.43) (layer B.Fab)
      (effects (font (size 1 1) (thickness 0.15)) (justify mirror))
    )
    (fp_text user %R (at 0 0) (layer B.Fab)
      (effects (font (size 0.4 0.4) (thickness 0.06)) (justify mirror))
    )
    (fp_line (start 1.48 -0.73) (end -1.48 -0.73) (layer B.CrtYd) (width 0.05))
    (fp_line (start 1.48 0.73) (end 1.48 -0.73) (layer B.CrtYd) (width 0.05))
    (fp_line (start -1.48 0.73) (end 1.48 0.73) (layer B.CrtYd) (width 0.05))
    (fp_line (start -1.48 -0.73) (end -1.48 0.73) (layer B.CrtYd) (width 0.05))
    (fp_line (start -0.162779 -0.51) (end 0.162779 -0.51) (layer B.SilkS) (width 0.12))
    (fp_line (start -0.162779 0.51) (end 0.162779 0.51) (layer B.SilkS) (width 0.12))
    (fp_line (start 0.8 -0.4) (end -0.8 -0.4) (layer B.Fab) (width 0.1))
    (fp_line (start 0.8 0.4) (end 0.8 -0.4) (layer B.Fab) (width 0.1))
    (fp_line (start -0.8 0.4) (end 0.8 0.4) (layer B.Fab) (width 0.1))
    (fp_line (start -0.8 -0.4) (end -0.8 0.4) (layer B.Fab) (width 0.1))
    (pad 2 smd roundrect (at 0.7875 0) (size 0.875 0.95) (layers B.Cu B.Paste B.Mask) (roundrect_rratio 0.25)
      (net 1 GND))
    (pad 1 smd roundrect (at -0.7875 0) (size 0.875 0.95) (layers B.Cu B.Paste B.Mask) (roundrect_rratio 0.25)
      (net 139 /POLY_B_P))
    (model ${KISYS3DMOD}/Capacitor_SMD.3dshapes/C_0603_1608Metric.wrl
      (at (xyz 0 0 0))
      (scale (xyz 1 1 1))
      (rotate (xyz 0 0 0))
    )
  )

  (module Capacitor_SMD:C_0603_1608Metric (layer B.Cu) (tedit 5B301BBE) (tstamp 5E989EDD)
    (at 82.4955 108.47)
    (descr "Capacitor SMD 0603 (1608 Metric), square (rectangular) end terminal, IPC_7351 nominal, (Body size source: http://www.tortai-tech.com/upload/download/2011102023233369053.pdf), generated with kicad-footprint-generator")
    (tags capacitor)
    (path /6032E556/60AD03E7)
    (attr smd)
    (fp_text reference C32 (at 3 0) (layer B.SilkS)
      (effects (font (size 1 1) (thickness 0.15)) (justify mirror))
    )
    (fp_text value 100n (at 0 -1.43) (layer B.Fab)
      (effects (font (size 1 1) (thickness 0.15)) (justify mirror))
    )
    (fp_text user %R (at 0 0) (layer B.Fab)
      (effects (font (size 0.4 0.4) (thickness 0.06)) (justify mirror))
    )
    (fp_line (start 1.48 -0.73) (end -1.48 -0.73) (layer B.CrtYd) (width 0.05))
    (fp_line (start 1.48 0.73) (end 1.48 -0.73) (layer B.CrtYd) (width 0.05))
    (fp_line (start -1.48 0.73) (end 1.48 0.73) (layer B.CrtYd) (width 0.05))
    (fp_line (start -1.48 -0.73) (end -1.48 0.73) (layer B.CrtYd) (width 0.05))
    (fp_line (start -0.162779 -0.51) (end 0.162779 -0.51) (layer B.SilkS) (width 0.12))
    (fp_line (start -0.162779 0.51) (end 0.162779 0.51) (layer B.SilkS) (width 0.12))
    (fp_line (start 0.8 -0.4) (end -0.8 -0.4) (layer B.Fab) (width 0.1))
    (fp_line (start 0.8 0.4) (end 0.8 -0.4) (layer B.Fab) (width 0.1))
    (fp_line (start -0.8 0.4) (end 0.8 0.4) (layer B.Fab) (width 0.1))
    (fp_line (start -0.8 -0.4) (end -0.8 0.4) (layer B.Fab) (width 0.1))
    (pad 2 smd roundrect (at 0.7875 0) (size 0.875 0.95) (layers B.Cu B.Paste B.Mask) (roundrect_rratio 0.25)
      (net 1 GND))
    (pad 1 smd roundrect (at -0.7875 0) (size 0.875 0.95) (layers B.Cu B.Paste B.Mask) (roundrect_rratio 0.25)
      (net 140 /POLY_A_P))
    (model ${KISYS3DMOD}/Capacitor_SMD.3dshapes/C_0603_1608Metric.wrl
      (at (xyz 0 0 0))
      (scale (xyz 1 1 1))
      (rotate (xyz 0 0 0))
    )
  )

  (module Capacitor_SMD:C_0603_1608Metric (layer B.Cu) (tedit 5B301BBE) (tstamp 5E989ECC)
    (at 82.4955 122.44)
    (descr "Capacitor SMD 0603 (1608 Metric), square (rectangular) end terminal, IPC_7351 nominal, (Body size source: http://www.tortai-tech.com/upload/download/2011102023233369053.pdf), generated with kicad-footprint-generator")
    (tags capacitor)
    (path /6032E556/608129A8)
    (attr smd)
    (fp_text reference C31 (at 3 0) (layer B.SilkS)
      (effects (font (size 1 1) (thickness 0.15)) (justify mirror))
    )
    (fp_text value 100n (at 0 -1.43) (layer B.Fab)
      (effects (font (size 1 1) (thickness 0.15)) (justify mirror))
    )
    (fp_text user %R (at 0 0) (layer B.Fab)
      (effects (font (size 0.4 0.4) (thickness 0.06)) (justify mirror))
    )
    (fp_line (start 1.48 -0.73) (end -1.48 -0.73) (layer B.CrtYd) (width 0.05))
    (fp_line (start 1.48 0.73) (end 1.48 -0.73) (layer B.CrtYd) (width 0.05))
    (fp_line (start -1.48 0.73) (end 1.48 0.73) (layer B.CrtYd) (width 0.05))
    (fp_line (start -1.48 -0.73) (end -1.48 0.73) (layer B.CrtYd) (width 0.05))
    (fp_line (start -0.162779 -0.51) (end 0.162779 -0.51) (layer B.SilkS) (width 0.12))
    (fp_line (start -0.162779 0.51) (end 0.162779 0.51) (layer B.SilkS) (width 0.12))
    (fp_line (start 0.8 -0.4) (end -0.8 -0.4) (layer B.Fab) (width 0.1))
    (fp_line (start 0.8 0.4) (end 0.8 -0.4) (layer B.Fab) (width 0.1))
    (fp_line (start -0.8 0.4) (end 0.8 0.4) (layer B.Fab) (width 0.1))
    (fp_line (start -0.8 -0.4) (end -0.8 0.4) (layer B.Fab) (width 0.1))
    (pad 2 smd roundrect (at 0.7875 0) (size 0.875 0.95) (layers B.Cu B.Paste B.Mask) (roundrect_rratio 0.25)
      (net 1 GND))
    (pad 1 smd roundrect (at -0.7875 0) (size 0.875 0.95) (layers B.Cu B.Paste B.Mask) (roundrect_rratio 0.25)
      (net 138 /VOCT_OCT_A_P))
    (model ${KISYS3DMOD}/Capacitor_SMD.3dshapes/C_0603_1608Metric.wrl
      (at (xyz 0 0 0))
      (scale (xyz 1 1 1))
      (rotate (xyz 0 0 0))
    )
  )

  (module Capacitor_SMD:C_0603_1608Metric (layer B.Cu) (tedit 5B301BBE) (tstamp 5E989B9B)
    (at 82.4955 123.94)
    (descr "Capacitor SMD 0603 (1608 Metric), square (rectangular) end terminal, IPC_7351 nominal, (Body size source: http://www.tortai-tech.com/upload/download/2011102023233369053.pdf), generated with kicad-footprint-generator")
    (tags capacitor)
    (path /6032E556/60913E3F)
    (attr smd)
    (fp_text reference C5 (at 2.5 0) (layer B.SilkS)
      (effects (font (size 1 1) (thickness 0.15)) (justify mirror))
    )
    (fp_text value 100n (at 0 -1.43) (layer B.Fab)
      (effects (font (size 1 1) (thickness 0.15)) (justify mirror))
    )
    (fp_text user %R (at 0 0) (layer B.Fab)
      (effects (font (size 0.4 0.4) (thickness 0.06)) (justify mirror))
    )
    (fp_line (start 1.48 -0.73) (end -1.48 -0.73) (layer B.CrtYd) (width 0.05))
    (fp_line (start 1.48 0.73) (end 1.48 -0.73) (layer B.CrtYd) (width 0.05))
    (fp_line (start -1.48 0.73) (end 1.48 0.73) (layer B.CrtYd) (width 0.05))
    (fp_line (start -1.48 -0.73) (end -1.48 0.73) (layer B.CrtYd) (width 0.05))
    (fp_line (start -0.162779 -0.51) (end 0.162779 -0.51) (layer B.SilkS) (width 0.12))
    (fp_line (start -0.162779 0.51) (end 0.162779 0.51) (layer B.SilkS) (width 0.12))
    (fp_line (start 0.8 -0.4) (end -0.8 -0.4) (layer B.Fab) (width 0.1))
    (fp_line (start 0.8 0.4) (end 0.8 -0.4) (layer B.Fab) (width 0.1))
    (fp_line (start -0.8 0.4) (end 0.8 0.4) (layer B.Fab) (width 0.1))
    (fp_line (start -0.8 -0.4) (end -0.8 0.4) (layer B.Fab) (width 0.1))
    (pad 2 smd roundrect (at 0.7875 0) (size 0.875 0.95) (layers B.Cu B.Paste B.Mask) (roundrect_rratio 0.25)
      (net 1 GND))
    (pad 1 smd roundrect (at -0.7875 0) (size 0.875 0.95) (layers B.Cu B.Paste B.Mask) (roundrect_rratio 0.25)
      (net 137 /VOCT_OCT_B_P))
    (model ${KISYS3DMOD}/Capacitor_SMD.3dshapes/C_0603_1608Metric.wrl
      (at (xyz 0 0 0))
      (scale (xyz 1 1 1))
      (rotate (xyz 0 0 0))
    )
  )

